-4.43812
0.185769
0.214339
0.241841
0.268272
0.140596
0.171476
0.20245
0.233474
0.264506
0.290227
0.316104
0.342141
0.36834
0.394703
0.421044
0.447371
0.473688
0.500001
0.526316
0.552631
0.578947
0.605263
0.631579
0.657895
0.68421
0.710526
0.736842
0.763158
0.789474
0.815789
0.842105
0.868421
0.894737
0.921053
0.947368
0.973684
1
1.02632
1.05263
1.07895
1.10526
1.13158
1.15789
1.18421
1.21053
1.23684
1.26316
1.28947
1.31579
1.34211
1.36842
1.39474
1.42105
1.44737
1.47368
1.5
1.52632
1.55263
1.57895
1.60526
1.63158
1.65789
1.68421
1.71053
1.73684
1.76316
1.78947
1.81579
1.84211
1.86842
1.89474
1.92105
1.94737
1.97368
2
2.02632
2.05263
2.07895
2.10526
2.13158
2.15789
2.18421
2.21053
2.23685
2.26316
2.28945
2.31571
2.34205
2.36858
2.3954
2.42263
2.4467
2.46758
2.48525
2.4997
2.61772
2.73658
2.85615
2.97633
